0000 90 b1 1c 40 39 8f 00 27 13 53 96 29 08 00 45 00
0010 00 22 74 3e 40 00 40 11 b4 67 86 3b 83 ac 86 3b
0020 82 02 95 d9 00 07 00 0e 12 45 68 65 6c 6c 6f 0a

0000 90 b1 1c 40 39 8f 00 27 13 53 96 29 08 00 45 00
0010 00 22 75 4a 40 00 40 11 b3 5b 86 3b 83 ac 86 3b
0020 82 02 95 d9 00 07 00 0e 12 45 73 79 6d 70 61 0a

0000 90 b1 1c 40 39 8f 00 27 13 53 96 29 08 00 45 00
0010 00 20 76 6b 40 00 40 11 b2 3c 86 3b 83 ac 86 3b
0020 82 02 95 d9 00 07 00 0c 12 43 63 65 74 0a

0000 90 b1 1c 40 39 8f 00 27 13 53 96 29 08 00 45 00
0010 00 20 76 83 40 00 40 11 b2 24 86 3b 83 ac 86 3b
0020 82 02 95 d9 00 07 00 0c 12 43 65 78 6f 0a

0000 90 b1 1c 40 39 8f 00 27 13 53 96 29 08 00 45 00
0010 00 21 7b 94 40 00 40 11 ad 12 86 3b 83 ac 86 3b
0020 82 02 95 d9 00 07 00 0d 12 44 6e 6f 6e 3f 0a

0000 9c b6 d0 20 fa 1f f4 05 95 48 6e 8c 08 00 45 00  
0010 00 34 dd 98 40 00 35 06 48 f9 ba 02 a3 6f c0 a8  
0020 01 18 01 bb d6 6f bc 17 4d ad f3 cd 53 28 80 10  
0030 01 f5 a1 c4 00 00 01 01 05 0a f3 cd 53 27 f3 cd  
0040 53 28        

0000 00 e0 f7 26 3f e9 08 00 20 86 35 4b 08 00 45 00   
0010 00 2c 08 b8 40 00 ff 06 99 97 8b 85 d9 6e 8b 85    
0020 e9 02 90 05 00 17 72 14 f1 14 00 00 00 00 60 02    
0030 22 38 a9 2c 00 00 02 04 05 b4                   
